0 3837458
1 3423316
2 3386084
3 4846886
4 4627628
5 4630732
6 4990569
7 4587969
8 4528934
9 4684511
10 4513582
11 4494801
12 4920583
13 4608042
14 4581602
15 4598597
16 4554758
17 4588838
18 4789103
19 4513116
20 4552927
21 4565553
22 4488752
23 4472820
24 4873314
25 4515600
26 4496462
27 4610289
28 4565301
29 4589399
30 4793392
31 4562619
32 4527311
33 4558490
34 4454703
35 4585571
36 4923201
37 4507460
38 4441677
39 4541751
40 4523048
41 4566527
42 4856483
43 4544671
44 4527290
45 4606721
46 4413910
47 4565086
48 4851817
49 4483751
50 4507322
51 4624394
52 4433823
53 4484934
54 4860962
55 4396543
56 4583830
57 4553568
58 4525183
59 4468168
60 4815027
61 4523176
62 3703566
