0 327700
1 310092
2 296544
3 418267
4 397003
5 432495
6 416267
7 431569
8 394991
9 442684
10 394393
11 360508
12 432649
13 393177
14 373598
15 396596
16 411923
17 396367
18 437252
19 414286
20 416572
21 398798
22 386128
23 433960
24 400605
25 395045
26 360443
27 448535
28 420171
29 396194
30 418216
31 414280
32 402191
33 436699
34 394465
35 404599
36 399276
37 392753
38 365070
39 399855
40 409061
41 392763
42 416400
43 414535
44 344155
45 393965
46 387912
47 412206
48 426764
49 378601
50 386515
51 399746
52 374689
53 396346
54 431056
55 375036
56 406870
57 448345
58 406356
59 398776
60 414023
61 402672
62 328318
