0 325009
1 282570
2 284607
3 409132
4 421934
5 411467
6 407752
7 440899
8 421239
9 389707
10 401649
11 405999
12 425416
13 417880
14 393788
15 374171
16 409620
17 419904
18 438663
19 414006
20 390131
21 410658
22 396096
23 414549
24 439210
25 452595
26 411605
27 400023
28 396487
29 448921
30 419177
31 429283
32 396621
33 387977
34 372582
35 438409
36 437901
37 414515
38 371573
39 405690
40 428109
41 360154
42 416664
43 379094
44 399582
45 427749
46 433778
47 395502
48 420767
49 407917
50 413439
51 450305
52 407987
53 408941
54 433402
55 400848
56 406800
57 376379
58 346037
59 418262
60 401262
61 409849
62 337990
