0 3453712
1 3080984
2 3047476
3 4362197
4 4164865
5 4167659
6 4491512
7 4129172
8 4076041
9 4216060
10 4062224
11 4045321
12 4428525
13 4147238
14 4123442
15 4138737
16 4099282
17 4129954
18 4310193
19 4061804
20 4097634
21 4108998
22 4039877
23 4025538
24 4385983
25 4064040
26 4046816
27 4149260
28 4108771
29 4130459
30 4314053
31 4106357
32 4074580
33 4102641
34 4009233
35 4127014
36 4430881
37 4056714
38 3997509
39 4087576
40 4070743
41 4109874
42 4370835
43 4090204
44 4074561
45 4146049
46 3972519
47 4108577
48 4366635
49 4035376
50 4056590
51 4161955
52 3990441
53 4036441
54 4374866
55 3956889
56 4125447
57 4098211
58 4072665
59 4021351
60 4333524
61 4070858
62 3333209
