0 359134
1 303501
2 290865
3 471153
4 416065
5 441243
6 460674
7 412753
8 386440
9 397526
10 390579
11 437647
12 452747
13 455723
14 396914
15 383769
16 407357
17 413317
18 415406
19 406976
20 413887
21 415518
22 392998
23 435908
24 440251
25 401799
26 400990
27 414298
28 418597
29 400178
30 407827
31 411494
32 401036
33 397165
34 452876
35 426887
36 472281
37 394296
38 428440
39 417073
40 372011
41 454393
42 460351
43 393367
44 441273
45 402948
46 377395
47 394204
48 457722
49 403776
50 414226
51 419760
52 414167
53 441404
54 450316
55 395399
56 419799
57 403215
58 383090
59 407157
60 438509
61 404792
62 326569
