0 343674
1 327364
2 313032
3 430306
4 413053
5 409997
6 415785
7 395083
8 371178
9 404670
10 403369
11 396177
12 426411
13 406152
14 411837
15 416366
16 423394
17 381365
18 451731
19 370377
20 388956
21 392653
22 397781
23 412281
24 457415
25 416817
26 371904
27 414290
28 351064
29 420315
30 420906
31 387396
32 429191
33 409715
34 375739
35 423175
36 402751
37 412133
38 397372
39 383880
40 385376
41 389518
42 424417
43 438735
44 405579
45 379111
46 372005
47 411771
48 399944
49 402987
50 360028
51 394813
52 391954
53 392392
54 492395
55 355780
56 384858
57 400824
58 444390
59 375369
60 405287
61 410754
62 282102
