0 339364
1 290511
2 320712
3 428466
4 417086
5 418862
6 484811
7 409989
8 427778
9 444018
10 428863
11 411670
12 441746
13 425033
14 444478
15 445499
16 395902
17 403437
18 444608
19 417275
20 413892
21 447679
22 452762
23 391182
24 465455
25 374690
26 425131
27 439557
28 430842
29 364698
30 491855
31 436796
32 426809
33 428505
34 389772
35 419716
36 460335
37 439058
38 385828
39 449537
40 432235
41 427979
42 440976
43 438003
44 408520
45 446376
46 396390
47 377066
48 441802
49 396244
50 401168
51 411628
52 397334
53 416034
54 445638
55 398619
56 472349
57 400480
58 416527
59 387475
60 455463
61 440393
62 362408
