0 338795
1 299834
2 301126
3 404990
4 387640
5 411850
6 488220
7 399032
8 408958
9 413411
10 424523
11 383177
12 417476
13 388846
14 401404
15 376905
16 397596
17 409270
18 391057
19 372979
20 383240
21 401521
22 416695
23 378953
24 404863
25 392628
26 409504
27 427157
28 423722
29 381935
30 389043
31 400633
32 427442
33 399446
34 413942
35 379479
36 432239
37 389021
38 405595
39 369884
40 386934
41 384291
42 433216
43 395308
44 400120
45 377386
46 400862
47 399528
48 400412
49 427086
50 392901
51 462700
52 388633
53 403504
54 419413
55 423853
56 395550
57 418925
58 428372
59 400342
60 446828
61 388301
62 329507
