0 318033
1 318765
2 317599
3 429132
4 425969
5 396005
6 462511
7 395734
8 392952
9 429885
10 409756
11 378585
12 446500
13 381439
14 412031
15 414175
16 413221
17 453242
18 449887
19 401497
20 432127
21 398981
22 371057
23 378028
24 421929
25 387302
26 405315
27 379095
28 405716
29 426229
30 434316
31 391469
32 359450
33 369346
34 435240
35 401068
36 441283
37 412105
38 383499
39 411618
40 423614
41 396266
42 441336
43 390823
44 398370
45 392194
46 408965
47 385604
48 454026
49 386309
50 441660
51 402661
52 392086
53 367997
54 431490
55 390291
56 395520
57 377922
58 408273
59 395886
60 425786
61 403273
62 318325
