0 380799
1 332533
2 311815
3 477973
4 397639
5 402298
6 475736
7 398868
8 439832
9 410619
10 411268
11 433299
12 457956
13 448590
14 457115
15 451700
16 394926
17 443730
18 422240
19 398669
20 430551
21 410560
22 440140
23 395919
24 433963
25 394357
26 427440
27 391762
28 423521
29 425530
30 427792
31 429719
32 365483
33 438029
34 393130
35 417941
36 433248
37 377203
38 429710
39 409041
40 410817
41 452308
42 473065
43 399031
44 410451
45 430543
46 380036
47 458751
48 450345
49 411244
50 408927
51 402494
52 423079
53 440075
54 429119
55 421643
56 414906
57 422734
58 434678
59 441268
60 433313
61 427324
62 374844
