0 340082
1 301361
2 299868
3 434258
4 447164
5 419588
6 427980
7 439239
8 418880
9 452337
10 389719
11 439276
12 452449
13 428829
14 442994
15 452261
16 396822
17 380729
18 451246
19 437767
20 444032
21 406306
22 404513
23 381409
24 453897
25 417764
26 425964
27 394713
28 420489
29 418552
30 438755
31 405011
32 460259
33 403554
34 392111
35 424473
36 492403
37 414113
38 416058
39 419839
40 374294
41 427696
42 440329
43 421651
44 452672
45 433283
46 410310
47 449239
48 470906
49 399660
50 398675
51 419922
52 386023
53 401774
54 436052
55 375775
56 424852
57 406032
58 391285
59 416087
60 480952
61 430564
62 341404
