0 381122
1 314453
2 311308
3 458520
4 441312
5 423854
6 451776
7 406006
8 413793
9 431203
10 408105
11 398983
12 475175
13 401569
14 389283
15 427295
16 448521
17 428593
18 408103
19 427972
20 384246
21 426324
22 381707
23 403349
24 468395
25 431043
26 408520
27 439830
28 418162
29 447907
30 466166
31 400276
32 406098
33 432205
34 389376
35 391267
36 459164
37 411517
38 414364
39 421159
40 448292
41 424506
42 424081
43 419657
44 413839
45 462494
46 404866
47 424706
48 443947
49 421552
50 439051
51 397926
52 414489
53 367974
54 405985
55 419645
56 403943
57 443355
58 413657
59 380729
60 432101
61 352936
62 331742
