0 4215426
1 3495412
2 3463116
3 4950998
4 4768144
5 4648074
6 5150211
7 4732882
8 4699476
9 4726291
10 4712478
11 4640528
12 4992529
13 4624356
14 4724523
15 4655530
16 4640364
17 4649289
18 5061529
19 4648312
20 4579469
21 4653199
22 4590176
23 4551029
24 5026392
25 4700953
26 4629591
27 4634789
28 4684220
29 4617076
30 5043641
31 4602998
32 4627180
33 4736643
34 4592979
35 4599190
36 5000468
37 4685966
38 4676396
39 4696173
40 4703709
41 4622849
42 5101986
43 4653491
44 4702551
45 4651222
46 4572106
47 4637233
48 4929931
49 4694510
50 4746366
51 4580023
52 4608387
53 4633336
54 5001276
55 4621302
56 4584301
57 4657430
58 4633199
59 4649592
60 5036589
61 4650184
62 3777594
