0 406316
1 352836
2 319850
3 450640
4 432125
5 422799
6 452713
7 396853
8 439023
9 392998
10 489598
11 416228
12 465858
13 421443
14 393179
15 424874
16 398891
17 409289
18 455454
19 399870
20 438328
21 422341
22 415226
23 421875
24 449065
25 440595
26 419940
27 464097
28 422082
29 424690
30 440673
31 429846
32 438084
33 403047
34 390503
35 428401
36 418675
37 419810
38 433707
39 388005
40 455567
41 400193
42 449930
43 399984
44 396259
45 435685
46 411455
47 414419
48 458886
49 466035
50 401957
51 406395
52 393451
53 430574
54 455088
55 437582
56 431411
57 391246
58 403589
59 412540
60 473556
61 401919
62 358100
