0 390905
1 311493
2 311411
3 447595
4 397633
5 391640
6 475166
7 422926
8 419026
9 469193
10 365278
11 412605
12 433969
13 404112
14 427573
15 401723
16 422461
17 408220
18 446609
19 423605
20 403034
21 412615
22 415229
23 428499
24 437189
25 413971
26 420543
27 387770
28 437035
29 437342
30 440449
31 364128
32 409682
33 459030
34 427810
35 425508
36 464231
37 404375
38 465491
39 456822
40 434930
41 413288
42 423135
43 450718
44 392896
45 404301
46 390553
47 430656
48 426798
49 453988
50 433789
51 420719
52 416858
53 433924
54 431110
55 393872
56 417731
57 476365
58 406863
59 451350
60 429346
61 462881
62 316656
