0 421428
1 305307
2 314409
3 427592
4 452416
5 454105
6 453462
7 423678
8 402261
9 421271
10 414733
11 377903
12 478062
13 431042
14 445649
15 443960
16 424025
17 413870
18 442404
19 461339
20 410759
21 383566
22 447064
23 440789
24 404970
25 417802
26 425840
27 406948
28 438795
29 450766
30 472710
31 405995
32 413475
33 437367
34 421217
35 405209
36 458295
37 455493
38 410676
39 420099
40 425889
41 449982
42 449864
43 438691
44 420369
45 403120
46 402751
47 387220
48 459260
49 422918
50 455473
51 408631
52 427320
53 412395
54 427746
55 431991
56 386547
57 436936
58 389342
59 447311
60 520624
61 416085
62 350629
