0 356979
1 300721
2 295518
3 458254
4 452878
5 441957
6 474858
7 458405
8 420754
9 437806
10 461280
11 460833
12 448831
13 419466
14 441546
15 428265
16 400254
17 426395
18 463092
19 415949
20 445763
21 434924
22 448888
23 404179
24 446485
25 447925
26 406990
27 407240
28 464892
29 398203
30 477014
31 391910
32 414458
33 435176
34 394497
35 432196
36 417370
37 411594
38 405713
39 427091
40 429428
41 418845
42 484328
43 433947
44 439633
45 435270
46 381041
47 419727
48 446172
49 397221
50 409206
51 426642
52 417019
53 395702
54 458612
55 389574
56 419842
57 432816
58 463819
59 441892
60 418420
61 454048
62 318913
