0 397051
1 314749
2 292039
3 487647
4 440004
5 412980
6 482864
7 431232
8 437304
9 409202
10 438216
11 419328
12 466015
13 403503
14 439811
15 411807
16 439309
17 428255
18 467568
19 406252
20 402042
21 425453
22 430322
23 388634
24 472742
25 403539
26 383654
27 418911
28 413298
29 398425
30 430924
31 440842
32 437078
33 439519
34 389964
35 422978
36 440824
37 402066
38 454235
39 453255
40 390658
41 421937
42 483136
43 442850
44 409544
45 412371
46 399455
47 432421
48 428714
49 427085
50 424575
51 460612
52 435661
53 390316
54 459088
55 403870
56 445695
57 387685
58 403709
59 415510
60 448813
61 421947
62 345592
