0 362978
1 298554
2 318851
3 428080
4 407072
5 400046
6 454705
7 435644
8 436773
9 414987
10 422858
11 450057
12 451619
13 447875
14 415059
15 436910
16 411655
17 450091
18 445441
19 414859
20 401970
21 439092
22 398091
23 407935
24 473363
25 421968
26 413740
27 419482
28 391591
29 412264
30 455365
31 401156
32 430864
33 387970
34 438322
35 398116
36 456861
37 388479
38 403528
39 445424
40 403561
41 407069
42 462633
43 393576
44 408780
45 432201
46 423266
47 416415
48 467555
49 416244
50 383997
51 402334
52 415584
53 396155
54 463568
55 426414
56 435949
57 447456
58 398567
59 401702
60 437007
61 351494
62 374826
