0 345736
1 316914
2 292878
3 432364
4 441640
5 424153
6 463375
7 446145
8 437463
9 415367
10 437934
11 383186
12 441525
13 383325
14 406200
15 403654
16 418593
17 398125
18 450919
19 398597
20 398330
21 437303
22 393748
23 443156
24 443004
25 438337
26 398585
27 405328
28 410589
29 385547
30 438787
31 431659
32 432931
33 436394
34 431081
35 394376
36 462568
37 434860
38 372021
39 420447
40 396436
41 423653
42 467093
43 382725
44 448958
45 414851
46 413774
47 440229
48 396953
49 407288
50 472010
51 395079
52 417037
53 419672
54 437603
55 405423
56 361455
57 387402
58 412215
59 421640
60 438060
61 407824
62 339878
