0 366633
1 324735
2 302528
3 415083
4 461061
5 403198
6 467014
7 421546
8 409849
9 428618
10 457647
11 431061
12 433688
13 419566
14 420904
15 394012
16 390999
17 416980
18 462317
19 441590
20 397041
21 395824
22 404316
23 399712
24 456766
25 397712
26 430113
27 437208
28 412951
29 399752
30 450668
31 409481
32 406013
33 426686
34 395698
35 408706
36 474415
37 441590
38 415041
39 369438
40 445102
41 408430
42 456189
43 388417
44 434149
45 424702
46 419466
47 378723
48 492040
49 376421
50 440197
51 391929
52 399019
53 447718
54 455775
55 430723
56 419698
57 416758
58 443117
59 370276
60 450902
61 410297
62 307275
