0 374970
1 292776
2 325670
3 490488
4 378095
5 433091
6 443020
7 368564
8 421253
9 418528
10 358513
11 406276
12 445957
13 421147
14 394451
15 431976
16 452174
17 439757
18 442393
19 403320
20 398524
21 416804
22 415225
23 437001
24 464087
25 415382
26 453018
27 406871
28 409952
29 419388
30 475493
31 419776
32 406782
33 414671
34 418575
35 404549
36 441158
37 427162
38 448850
39 395355
40 418364
41 392150
42 452969
43 449925
44 397154
45 417237
46 448742
47 430957
48 423924
49 420798
50 459317
51 407654
52 406516
53 416624
54 472228
55 420363
56 422147
57 415634
58 412122
59 418502
60 464748
61 411897
62 331912
