0 3793883
1 3145871
2 3116804
3 4455898
4 4291330
5 4183267
6 4635190
7 4259594
8 4229528
9 4253662
10 4241230
11 4176475
12 4493276
13 4161920
14 4252071
15 4189977
16 4176328
17 4184360
18 4555376
19 4183481
20 4121522
21 4187879
22 4131158
23 4095926
24 4523753
25 4230858
26 4166632
27 4171310
28 4215798
29 4155368
30 4539277
31 4142698
32 4164462
33 4262979
34 4133681
35 4139271
36 4500421
37 4217369
38 4208756
39 4226556
40 4233338
41 4160564
42 4591787
43 4188142
44 4232296
45 4186100
46 4114895
47 4173510
48 4436938
49 4225059
50 4271729
51 4122021
52 4147548
53 4170002
54 4501148
55 4159172
56 4125871
57 4191687
58 4169879
59 4184633
60 4532930
61 4185166
62 3399835
