0 370887
1 327786
2 343650
3 418155
4 428406
5 399298
6 468013
7 454601
8 405822
9 445692
10 395173
11 418998
12 427752
13 410441
14 467699
15 412796
16 417967
17 393378
18 479179
19 418100
20 425731
21 419957
22 363049
23 324146
24 476082
25 433627
26 414209
27 417455
28 414613
29 428991
30 457194
31 447905
32 375095
33 423119
34 426014
35 419232
36 466024
37 431940
38 399494
39 450620
40 433403
41 425017
42 462510
43 407309
44 484554
45 406362
46 424392
47 422743
48 436636
49 437061
50 391208
51 402026
52 419083
53 426922
54 440330
55 419360
56 385396
57 399389
58 436536
59 403910
60 451454
61 446774
62 356054
