0 260438
1 205314
2 217332
3 732040
4 610248
5 624458
6 1504826
7 1315372
8 1304544
9 2146144
10 2151876
11 2103030
12 3394646
13 3403598
14 3390292
15 4616980
16 4393278
17 4694042
18 4693698
19 4551742
20 4392712
21 4698228
22 4419076
23 4291272
24 4588232
25 4456390
26 4458632
27 4633822
28 4630924
29 4628568
30 4480994
31 4365642
32 4231604
33 4666180
34 4199630
35 4301524
36 4425808
37 4372068
38 4244742
39 4554964
40 4383968
41 4591054
42 4520498
43 4498316
44 4558072
45 4767312
46 4441732
47 4370340
48 4618430
49 4597114
50 4378016
51 4502920
52 4563588
53 4260728
54 4487954
55 4495162
56 4304336
57 4544472
58 4364106
59 4367030
60 4807262
61 4313222
62 4459872
63 4618126
64 4648766
65 4508400
66 4755594
67 4436930
68 4232350
69 4818174
70 4583862
71 4426020
72 4764124
73 4584876
74 4263568
75 4436106
76 4425650
77 3460140
