0 67872
1 51762
2 53544
3 182753
4 153510
5 158204
6 367084
7 326647
8 325672
9 533039
10 533178
11 531038
12 846969
13 850737
14 839847
15 1172324
16 1092542
17 1181156
18 1170840
19 1132319
20 1097159
21 1187353
22 1097046
23 1069240
24 1151917
25 1113450
26 1103865
27 1157223
28 1158757
29 1156735
30 1114627
31 1085564
32 1066733
33 1164685
34 1049155
35 1077534
36 1102302
37 1090520
38 1058949
39 1138816
40 1090663
41 1142460
42 1129733
43 1128984
44 1137973
45 1194338
46 1114302
47 1098985
48 1147426
49 1148558
50 1102205
51 1120569
52 1139129
53 1056483
54 1129477
55 1125471
56 1077977
57 1143083
58 1090710
59 1095003
60 1202121
61 1078013
62 1117583
63 1151234
64 1160239
65 1128063
66 1193631
67 1099770
68 1071355
69 1200768
70 1148856
71 1104044
72 1190290
73 1143033
74 1063688
75 1098082
76 1111603
77 869886
