0 130219
1 102657
2 108666
3 366020
4 305124
5 312229
6 752413
7 657686
8 652272
9 1073072
10 1075938
11 1051515
12 1697323
13 1701799
14 1695146
15 2308490
16 2196639
17 2347021
18 2346849
19 2275871
20 2196356
21 2349114
22 2209538
23 2145636
24 2294116
25 2228195
26 2229316
27 2316911
28 2315462
29 2314284
30 2240497
31 2182821
32 2115802
33 2333090
34 2099815
35 2150762
36 2212904
37 2186034
38 2122371
39 2277482
40 2191984
41 2295527
42 2260249
43 2249158
44 2279036
45 2383656
46 2220866
47 2185170
48 2309215
49 2298557
50 2189008
51 2251460
52 2281794
53 2130364
54 2243977
55 2247581
56 2152168
57 2272236
58 2182053
59 2183515
60 2403631
61 2156611
62 2229936
63 2309063
64 2324383
65 2254200
66 2377797
67 2218465
68 2116175
69 2409087
70 2291931
71 2213010
72 2382062
73 2292438
74 2131784
75 2218053
76 2212825
77 1730070
