0 62347
1 50895
2 55122
3 183267
4 151614
5 154025
6 385329
7 331039
8 326600
9 540033
10 542760
11 520477
12 850354
13 851062
14 855299
15 1136166
16 1104097
17 1165865
18 1176009
19 1143552
20 1099197
21 1161761
22 1112492
23 1076396
24 1142199
25 1114745
26 1125451
27 1159688
28 1156705
29 1157549
30 1125870
31 1097257
32 1049069
33 1168405
34 1050660
35 1073228
36 1110602
37 1095514
38 1063422
39 1138666
40 1101321
41 1153067
42 1130516
43 1120174
44 1141063
45 1189318
46 1106564
47 1086185
48 1161789
49 1149999
50 1086803
51 1130891
52 1142665
53 1073881
54 1114500
55 1122110
56 1074191
57 1129153
58 1091343
59 1088512
60 1201510
61 1078598
62 1112353
63 1157829
64 1164144
65 1126137
66 1184166
67 1118695
68 1044820
69 1208319
70 1143075
71 1108966
72 1191772
73 1149405
74 1068096
75 1119971
76 1101222
77 860184
