0 3532540
1 3291220
2 3286120
3 4756537
4 4570417
5 4586282
6 4968446
7 4529418
8 4564562
9 4606556
10 4471631
11 4467032
12 4792328
13 4481031
14 4441294
15 4547166
16 4495843
17 4449124
18 4844060
19 4453341
20 4368880
21 4498917
22 4443063
23 4444226
24 4823933
25 4498036
26 4465377
27 4553494
28 4405240
29 4450426
30 4744248
31 4325171
32 4505259
33 4561266
34 4415890
35 4376057
36 4692489
37 4501326
38 4439443
39 4557002
40 4478184
41 4354143
42 4824603
43 4440110
44 4395164
45 4468469
46 4385521
47 4449876
48 4761847
49 4495120
50 4502181
51 4419884
52 4461587
53 4338599
54 4798586
55 4409852
56 4476604
57 4469012
58 4436193
59 4473701
60 4756106
61 4367534
62 3354884
