0 3179286
1 2962098
2 2957508
3 4280883
4 4113375
5 4127654
6 4471601
7 4076476
8 4108106
9 4145900
10 4024468
11 4020329
12 4313095
13 4032928
14 3997165
15 4092449
16 4046259
17 4004212
18 4359654
19 4008007
20 3931992
21 4049025
22 3998757
23 3999803
24 4341540
25 4048232
26 4018839
27 4098145
28 3964716
29 4005383
30 4269823
31 3892654
32 4054733
33 4105139
34 3974301
35 3938451
36 4223240
37 4051193
38 3995499
39 4101302
40 4030366
41 3918729
42 4342143
43 3996099
44 3955648
45 4021622
46 3946969
47 4004888
48 4285662
49 4045608
50 4051963
51 3977896
52 4015428
53 3904739
54 4318727
55 3968867
56 4028944
57 4022111
58 3992574
59 4026331
60 4280495
61 3930781
62 3019396
