0 310222
1 309460
2 275115
3 451959
4 389678
5 421760
6 447205
7 436643
8 360405
9 393792
10 384548
11 362379
12 423376
13 383490
14 363281
15 412282
16 408879
17 395686
18 457126
19 381041
20 381917
21 407475
22 398587
23 383214
24 412816
25 386453
26 412178
27 393845
28 380418
29 391830
30 369020
31 413224
32 389964
33 411208
34 408857
35 421079
36 426707
37 407370
38 393402
39 389917
40 416861
41 392425
42 456788
43 388156
44 361102
45 409865
46 389437
47 399967
48 408074
49 422726
50 439004
51 381221
52 382837
53 374600
54 438440
55 386976
56 382631
57 386314
58 393529
59 394847
60 413075
61 417562
62 268790
