0 329400
1 259844
2 276313
3 393328
4 408941
5 372585
6 454999
7 385455
8 437063
9 434388
10 438543
11 384092
12 407412
13 413044
14 439568
15 413434
16 412253
17 442353
18 446084
19 394459
20 403160
21 426863
22 407014
23 392977
24 433615
25 398956
26 401302
27 409411
28 381200
29 389709
30 436399
31 405215
32 387505
33 419531
34 356264
35 370307
36 368964
37 415729
38 389888
39 397641
40 392619
41 375358
42 418411
43 392373
44 410909
45 389171
46 400543
47 381738
48 421303
49 419520
50 394886
51 403791
52 368182
53 415304
54 434993
55 430010
56 390927
57 390092
58 408044
59 394602
60 432899
61 388891
62 291555
