0 394538
1 306410
2 343800
3 475951
4 415444
5 427334
6 422442
7 407631
8 465041
9 482754
10 400164
11 415870
12 473289
13 422558
14 385655
15 415111
16 416782
17 418958
18 461041
19 418065
20 426503
21 419345
22 392382
23 439677
24 453323
25 397644
26 386279
27 457080
28 383218
29 415050
30 480357
31 414050
32 425310
33 429456
34 415221
35 397492
36 387355
37 431856
38 449643
39 446670
40 408549
41 398581
42 411065
43 376165
44 396203
45 412442
46 413440
47 411435
48 422920
49 384565
50 435316
51 375697
52 418830
53 424419
54 451754
55 435027
56 435272
57 413967
58 398480
59 421570
60 462514
61 393830
62 297067
