0 277523
1 286038
2 272364
3 415483
4 400324
5 418504
6 436339
7 419182
8 409817
9 371339
10 393704
11 372268
12 443317
13 393724
14 426752
15 378206
16 382472
17 387622
18 396849
19 423197
20 331943
21 382497
22 395279
23 392288
24 431378
25 403171
26 420332
27 445928
28 386255
29 392322
30 391104
31 402721
32 402496
33 460219
34 398546
35 364684
36 422333
37 406920
38 366339
39 398673
40 402997
41 388356
42 469768
43 369436
44 396440
45 404346
46 409799
47 442255
48 399154
49 370001
50 387858
51 341707
52 408045
53 372587
54 476653
55 376927
56 403999
57 391884
58 411543
59 393680
60 373475
61 382717
62 305123
