0 299578
1 284311
2 296123
3 435816
4 378090
5 407981
6 470043
7 403612
8 386375
9 422624
10 402461
11 392309
12 400070
13 404999
14 382364
15 407854
16 414704
17 387988
18 464175
19 361572
20 407790
21 372811
22 394865
23 382275
24 404932
25 412886
26 373990
27 414017
28 393469
29 442681
30 458465
31 382686
32 415109
33 406044
34 404428
35 384304
36 409183
37 392663
38 402827
39 421413
40 399085
41 425103
42 454192
43 410282
44 359100
45 411770
46 410471
47 415686
48 431575
49 397733
50 408276
51 410509
52 423844
53 356599
54 443855
55 383009
56 425337
57 398222
58 391651
59 406229
60 432718
61 374474
62 342158
