0 288264
1 301438
2 315037
3 418732
4 434469
5 416639
6 464984
7 399827
8 400771
9 426309
10 371903
11 432591
12 445132
13 360217
14 397357
15 416673
16 423911
17 381071
18 425734
19 379742
20 404187
21 425666
22 401610
23 396189
24 439088
25 369024
26 423933
27 379850
28 395996
29 403377
30 399340
31 338054
32 410421
33 376144
34 380674
35 375337
36 409126
37 362060
38 422131
39 445382
40 408363
41 407693
42 412500
43 379397
44 397740
45 375067
46 363445
47 384389
48 427638
49 388823
50 397445
51 401509
52 407213
53 385526
54 433533
55 366233
56 391878
57 408841
58 398235
59 410211
60 445367
61 400745
62 294603
