0 290958
1 282355
2 284176
3 437844
4 429759
5 407763
6 419090
7 411351
8 427424
9 404610
10 402968
11 434940
12 432580
13 425892
14 387032
15 409925
16 361071
17 372212
18 426479
19 434726
20 418871
21 397938
22 416545
23 415600
24 441408
25 427366
26 360637
27 394225
28 370638
29 378962
30 450998
31 383831
32 400489
33 370701
34 410692
35 412988
36 452869
37 430148
38 382960
39 407573
40 402841
41 400960
42 407364
43 445621
44 445495
45 413643
46 340496
47 408566
48 459144
49 443298
50 407352
51 435376
52 410831
53 386445
54 413612
55 377743
56 369811
57 441336
58 389956
59 438692
60 441292
61 387223
62 308044
