0 300478
1 304164
2 269785
3 401106
4 413055
5 434464
6 454686
7 399878
8 371551
9 373825
10 405129
11 395677
12 428121
13 370272
14 415065
15 383538
16 393372
17 423557
18 431119
19 374588
20 371929
21 412225
22 414257
23 408333
24 440272
25 428708
26 408518
27 385812
28 422244
29 421102
30 392177
31 369545
32 383252
33 380494
34 396960
35 393563
36 476768
37 399154
38 391925
39 394918
40 425767
41 340756
42 463669
43 419743
44 408445
45 413717
46 408582
47 371462
48 441387
49 413431
50 401354
51 386937
52 383595
53 385353
54 404391
55 424784
56 374841
57 395087
58 386241
59 415114
60 397397
61 379227
62 297856
