0 393671
1 312602
2 317341
3 438280
4 428075
5 427884
6 467266
7 406013
8 427001
9 432034
10 422929
11 435552
12 423198
13 431948
14 419604
15 438985
16 464495
17 393952
18 450576
19 434555
20 406663
21 409516
22 391201
23 401827
24 425713
25 437612
26 418066
27 414078
28 401496
29 400120
30 468751
31 406423
32 436232
33 427870
34 406470
35 418106
36 454371
37 415575
38 444618
39 408381
40 372663
41 391746
42 425440
43 407705
44 415243
45 410460
46 403248
47 391099
48 435286
49 393132
50 375734
51 447808
52 420997
53 408463
54 410489
55 417192
56 462440
57 419222
58 417379
59 396770
60 442973
61 409168
62 315577
