0 294654
1 315476
2 307454
3 412384
4 415540
5 392740
6 434547
7 406884
8 422658
9 404225
10 402119
11 394651
12 436600
13 426784
14 380487
15 416441
16 368320
17 400813
18 400471
19 406062
20 379029
21 394689
22 387017
23 387423
24 458995
25 386412
26 413604
27 403899
28 449782
29 370230
30 423212
31 376905
32 403955
33 423472
34 396189
35 400591
36 415564
37 389718
38 351766
39 390734
40 400621
41 397751
42 422946
43 407221
44 364971
45 381141
46 407508
47 398291
48 439181
49 412379
50 404738
51 393341
52 391054
53 395443
54 411007
55 370966
56 391808
57 377146
58 397516
59 354616
60 438785
61 396944
62 298623
