0 1088796
1 932649
2 927651
3 1407765
4 1268718
5 1242002
6 1321434
7 1303832
8 1272599
9 1241159
10 1208004
11 1201741
12 1346561
13 1274651
14 1234889
15 1259261
16 1239515
17 1229556
18 1333850
19 1236114
20 1212812
21 1209386
22 1216990
23 1175946
24 1352134
25 1210619
26 1260644
27 1250432
28 1215821
29 1215950
30 1332429
31 1229554
32 1247315
33 1254978
34 1258699
35 1255160
36 1338878
37 1218718
38 1227834
39 1221302
40 1254709
41 1249300
42 1367006
43 1265105
44 1227362
45 1217911
46 1206991
47 1215792
48 1331484
49 1193031
50 1219219
51 1250705
52 1216250
53 1218086
54 1314201
55 1227694
56 1244856
57 1256586
58 1263794
59 1235555
60 1339695
61 1233976
62 1210954
63 1250688
64 1238888
65 1205136
66 1323072
67 1240151
68 1239361
69 1238949
70 1244601
71 1223925
72 1320002
73 1207550
74 1232596
75 1303541
76 1205401
77 1203232
78 1309632
79 1176831
80 1256122
81 1234574
82 1220604
83 1250310
84 1361042
85 351278
86 995422
87 1248389
88 1234155
89 1286416
90 1264622
91 1337431
92 1245451
93 1224824
94 1278100
95 1220798
96 1217764
97 1286191
98 1251838
99 1186274
100 1242799
101 1237564
102 1223281
103 1313019
104 1251148
105 1238971
106 1226098
107 1239861
108 1210585
109 1288642
110 1211302
111 1237686
112 1267836
113 1170888
114 1268621
115 1333842
116 1219308
117 1199496
118 1246858
119 1221238
120 1251004
121 1344000
122 1199075
123 876191